%  buaa xyz 2014.1.9

% ÔÂÇò³£Á¿

function const_moon=getMoonConst()
format long
const_moon.g0 = 1.624 ;
const_moon.Rm=1737500;
const_moon.e=0.006;
const_moon.wim = 2*pi/27.32166/3600/24; % 2.6617e-006 rad/s

const_moon.gk1=0.00193185138639;
const_moon.gk2=0.00669437999013;


